45
Coord: ((34, 799), (604, 799))
Coord: ((34, 378), (103, 378))
Coord: ((103, 378), (122, 378))
Coord: ((122, 378), (142, 378))
Coord: ((142, 378), (162, 378))
Coord: ((162, 378), (182, 378))
Coord: ((182, 378), (202, 378))
Coord: ((202, 378), (222, 378))
Coord: ((222, 378), (242, 378))
Coord: ((242, 378), (261, 378))
Coord: ((261, 378), (281, 378))
Coord: ((281, 378), (317, 378))
Coord: ((317, 378), (351, 378))
Coord: ((351, 378), (385, 378))
Coord: ((34, 367), (103, 367))
Coord: ((103, 367), (122, 367))
Coord: ((122, 367), (142, 367))
Coord: ((142, 367), (162, 367))
Coord: ((162, 367), (182, 367))
Coord: ((182, 367), (202, 367))
Coord: ((202, 367), (222, 367))
Coord: ((222, 367), (242, 367))
Coord: ((242, 367), (261, 367))
Coord: ((261, 367), (281, 367))
Coord: ((281, 367), (317, 367))
Coord: ((317, 367), (351, 367))
Coord: ((351, 367), (385, 367))
Coord: ((34, 356), (103, 356))
Coord: ((103, 356), (122, 356))
Coord: ((122, 356), (142, 356))
Coord: ((142, 356), (162, 356))
Coord: ((162, 356), (182, 356))
Coord: ((182, 356), (202, 356))
Coord: ((202, 356), (222, 356))
Coord: ((222, 356), (242, 356))
Coord: ((242, 356), (261, 356))
Coord: ((261, 356), (281, 356))
Coord: ((281, 356), (317, 356))
Coord: ((317, 356), (351, 356))
Coord: ((351, 356), (385, 356))
Coord: ((34, 344), (103, 344))
Coord: ((103, 344), (122, 344))
Coord: ((122, 344), (142, 344))
Coord: ((142, 344), (162, 344))
Coord: ((162, 344), (182, 344))
Coord: ((182, 344), (202, 344))
Coord: ((202, 344), (222, 344))
Coord: ((222, 344), (242, 344))
Coord: ((242, 344), (261, 344))
Coord: ((261, 344), (281, 344))
Coord: ((281, 344), (317, 344))
Coord: ((317, 344), (351, 344))
Coord: ((351, 344), (385, 344))
Coord: ((34, 310), (103, 310))
Coord: ((103, 310), (122, 310))
Coord: ((122, 310), (142, 310))
Coord: ((142, 310), (162, 310))
Coord: ((162, 310), (182, 310))
Coord: ((182, 310), (202, 310))
Coord: ((202, 310), (222, 310))
Coord: ((222, 310), (242, 310))
Coord: ((242, 310), (261, 310))
Coord: ((261, 310), (281, 310))
Coord: ((281, 310), (317, 310))
Coord: ((317, 310), (351, 310))
Coord: ((351, 310), (385, 310))
Coord: ((34, 299), (103, 299))
Coord: ((103, 299), (122, 299))
Coord: ((122, 299), (142, 299))
Coord: ((142, 299), (162, 299))
Coord: ((162, 299), (182, 299))
Coord: ((182, 299), (202, 299))
Coord: ((202, 299), (222, 299))
Coord: ((222, 299), (242, 299))
Coord: ((242, 299), (261, 299))
Coord: ((261, 299), (281, 299))
Coord: ((281, 299), (317, 299))
Coord: ((317, 299), (351, 299))
Coord: ((351, 299), (385, 299))
Coord: ((34, 265), (103, 265))
Coord: ((103, 265), (122, 265))
Coord: ((122, 265), (142, 265))
Coord: ((142, 265), (162, 265))
Coord: ((162, 265), (182, 265))
Coord: ((182, 265), (202, 265))
Coord: ((202, 265), (222, 265))
Coord: ((222, 265), (242, 265))
Coord: ((242, 265), (261, 265))
Coord: ((261, 265), (281, 265))
Coord: ((281, 265), (317, 265))
Coord: ((317, 265), (351, 265))
Coord: ((351, 265), (385, 265))
Coord: ((34, 254), (103, 254))
Coord: ((103, 254), (122, 254))
Coord: ((122, 254), (142, 254))
Coord: ((142, 254), (162, 254))
Coord: ((162, 254), (182, 254))
Coord: ((182, 254), (202, 254))
Coord: ((202, 254), (222, 254))
Coord: ((222, 254), (242, 254))
Coord: ((242, 254), (261, 254))
Coord: ((261, 254), (281, 254))
Coord: ((281, 254), (317, 254))
Coord: ((317, 254), (351, 254))
Coord: ((351, 254), (385, 254))
Coord: ((34, 220), (103, 220))
Coord: ((103, 220), (122, 220))
Coord: ((122, 220), (142, 220))
Coord: ((142, 220), (162, 220))
Coord: ((162, 220), (182, 220))
Coord: ((182, 220), (202, 220))
Coord: ((202, 220), (222, 220))
Coord: ((222, 220), (242, 220))
Coord: ((242, 220), (261, 220))
Coord: ((261, 220), (281, 220))
Coord: ((281, 220), (317, 220))
Coord: ((317, 220), (351, 220))
Coord: ((351, 220), (385, 220))
Coord: ((34, 209), (103, 209))
Coord: ((103, 209), (122, 209))
Coord: ((122, 209), (142, 209))
Coord: ((142, 209), (162, 209))
Coord: ((162, 209), (182, 209))
Coord: ((182, 209), (202, 209))
Coord: ((202, 209), (222, 209))
Coord: ((222, 209), (242, 209))
Coord: ((242, 209), (261, 209))
Coord: ((261, 209), (281, 209))
Coord: ((281, 209), (317, 209))
Coord: ((317, 209), (351, 209))
Coord: ((351, 209), (385, 209))
Coord: ((34, 175), (103, 175))
Coord: ((103, 175), (122, 175))
Coord: ((122, 175), (142, 175))
Coord: ((142, 175), (162, 175))
Coord: ((162, 175), (182, 175))
Coord: ((182, 175), (202, 175))
Coord: ((202, 175), (222, 175))
Coord: ((222, 175), (242, 175))
Coord: ((242, 175), (261, 175))
Coord: ((261, 175), (281, 175))
Coord: ((281, 175), (317, 175))
Coord: ((317, 175), (351, 175))
Coord: ((351, 175), (385, 175))
Coord: ((34, 163), (103, 163))
Coord: ((103, 163), (122, 163))
Coord: ((122, 163), (142, 163))
Coord: ((142, 163), (162, 163))
Coord: ((162, 163), (182, 163))
Coord: ((182, 163), (202, 163))
Coord: ((202, 163), (222, 163))
Coord: ((222, 163), (242, 163))
Coord: ((242, 163), (261, 163))
Coord: ((261, 163), (281, 163))
Coord: ((281, 163), (317, 163))
Coord: ((317, 163), (351, 163))
Coord: ((351, 163), (385, 163))
Coord: ((34, 129), (103, 129))
Coord: ((103, 129), (122, 129))
Coord: ((122, 129), (142, 129))
Coord: ((142, 129), (162, 129))
Coord: ((162, 129), (182, 129))
Coord: ((182, 129), (202, 129))
Coord: ((202, 129), (222, 129))
Coord: ((222, 129), (242, 129))
Coord: ((242, 129), (261, 129))
Coord: ((261, 129), (281, 129))
Coord: ((281, 129), (317, 129))
Coord: ((317, 129), (351, 129))
Coord: ((351, 129), (385, 129))
Coord: ((34, 118), (103, 118))
Coord: ((103, 118), (122, 118))
Coord: ((122, 118), (142, 118))
Coord: ((142, 118), (162, 118))
Coord: ((162, 118), (182, 118))
Coord: ((182, 118), (202, 118))
Coord: ((202, 118), (222, 118))
Coord: ((222, 118), (242, 118))
Coord: ((242, 118), (261, 118))
Coord: ((261, 118), (281, 118))
Coord: ((281, 118), (317, 118))
Coord: ((317, 118), (351, 118))
Coord: ((351, 118), (385, 118))
Coord: ((34, 333), (103, 333))
Coord: ((103, 333), (122, 333))
Coord: ((122, 333), (142, 333))
Coord: ((142, 333), (162, 333))
Coord: ((162, 333), (182, 333))
Coord: ((182, 333), (202, 333))
Coord: ((202, 333), (222, 333))
Coord: ((222, 333), (242, 333))
Coord: ((242, 333), (261, 333))
Coord: ((261, 333), (281, 333))
Coord: ((281, 333), (317, 333))
Coord: ((317, 333), (351, 333))
Coord: ((351, 333), (385, 333))
Coord: ((122, 288), (142, 288))
Coord: ((142, 288), (162, 288))
Coord: ((162, 288), (182, 288))
Coord: ((182, 288), (202, 288))
Coord: ((202, 288), (222, 288))
Coord: ((222, 288), (242, 288))
Coord: ((242, 288), (261, 288))
Coord: ((281, 288), (317, 288))
Coord: ((317, 288), (351, 288))
Coord: ((122, 242), (142, 242))
Coord: ((142, 242), (162, 242))
Coord: ((162, 242), (182, 242))
Coord: ((182, 242), (202, 242))
Coord: ((202, 242), (222, 242))
Coord: ((222, 242), (242, 242))
Coord: ((242, 242), (261, 242))
Coord: ((281, 242), (317, 242))
Coord: ((317, 242), (351, 242))
Coord: ((122, 197), (142, 197))
Coord: ((142, 197), (162, 197))
Coord: ((162, 197), (182, 197))
Coord: ((182, 197), (202, 197))
Coord: ((202, 197), (222, 197))
Coord: ((222, 197), (242, 197))
Coord: ((242, 197), (261, 197))
Coord: ((281, 197), (317, 197))
Coord: ((317, 197), (351, 197))
Coord: ((122, 152), (142, 152))
Coord: ((142, 152), (162, 152))
Coord: ((162, 152), (182, 152))
Coord: ((182, 152), (202, 152))
Coord: ((202, 152), (222, 152))
Coord: ((222, 152), (242, 152))
Coord: ((242, 152), (261, 152))
Coord: ((281, 152), (317, 152))
Coord: ((317, 152), (351, 152))
Coord: ((122, 107), (142, 107))
Coord: ((142, 107), (162, 107))
Coord: ((162, 107), (182, 107))
Coord: ((182, 107), (202, 107))
Coord: ((202, 107), (222, 107))
Coord: ((222, 107), (242, 107))
Coord: ((242, 107), (261, 107))
Coord: ((261, 107), (281, 107))
Coord: ((34, 322), (103, 322))
Coord: ((103, 322), (122, 322))
Coord: ((122, 322), (142, 322))
Coord: ((142, 322), (162, 322))
Coord: ((162, 322), (182, 322))
Coord: ((182, 322), (202, 322))
Coord: ((202, 322), (222, 322))
Coord: ((222, 322), (242, 322))
Coord: ((242, 322), (261, 322))
Coord: ((261, 322), (281, 322))
Coord: ((281, 322), (317, 322))
Coord: ((317, 322), (351, 322))
Coord: ((351, 322), (385, 322))
Coord: ((103, 276), (122, 276))
Coord: ((122, 276), (142, 276))
Coord: ((142, 276), (162, 276))
Coord: ((162, 276), (182, 276))
Coord: ((182, 276), (202, 276))
Coord: ((202, 276), (222, 276))
Coord: ((222, 276), (242, 276))
Coord: ((242, 276), (261, 276))
Coord: ((261, 276), (281, 276))
Coord: ((281, 276), (317, 276))
Coord: ((317, 276), (351, 276))
Coord: ((351, 276), (385, 276))
Coord: ((34, 231), (103, 231))
Coord: ((103, 231), (122, 231))
Coord: ((122, 231), (142, 231))
Coord: ((142, 231), (162, 231))
Coord: ((162, 231), (182, 231))
Coord: ((182, 231), (202, 231))
Coord: ((202, 231), (222, 231))
Coord: ((222, 231), (242, 231))
Coord: ((242, 231), (261, 231))
Coord: ((261, 231), (281, 231))
Coord: ((281, 231), (317, 231))
Coord: ((317, 231), (351, 231))
Coord: ((351, 231), (385, 231))
Coord: ((103, 186), (122, 186))
Coord: ((122, 186), (142, 186))
Coord: ((142, 186), (162, 186))
Coord: ((162, 186), (182, 186))
Coord: ((182, 186), (202, 186))
Coord: ((202, 186), (222, 186))
Coord: ((222, 186), (242, 186))
Coord: ((242, 186), (261, 186))
Coord: ((261, 186), (281, 186))
Coord: ((281, 186), (317, 186))
Coord: ((317, 186), (351, 186))
Coord: ((351, 186), (385, 186))
Coord: ((103, 141), (122, 141))
Coord: ((122, 141), (142, 141))
Coord: ((142, 141), (162, 141))
Coord: ((162, 141), (182, 141))
Coord: ((182, 141), (202, 141))
Coord: ((202, 141), (222, 141))
Coord: ((222, 141), (242, 141))
Coord: ((242, 141), (261, 141))
Coord: ((261, 141), (281, 141))
Coord: ((281, 141), (317, 141))
Coord: ((317, 141), (351, 141))
Coord: ((351, 141), (385, 141))
Coord: ((34, 95), (103, 95))
Coord: ((122, 95), (142, 95))
Coord: ((142, 95), (162, 95))
Coord: ((162, 95), (182, 95))
Coord: ((182, 95), (202, 95))
Coord: ((202, 95), (222, 95))
Coord: ((222, 95), (242, 95))
Coord: ((242, 95), (261, 95))
Coord: ((261, 95), (281, 95))
Coord: ((351, 95), (385, 95))
Coord: ((34, 288), (103, 288))
Coord: ((103, 288), (122, 288))
Coord: ((261, 288), (281, 288))
Coord: ((351, 288), (385, 288))
Coord: ((103, 242), (122, 242))
Coord: ((261, 242), (281, 242))
Coord: ((351, 242), (385, 242))
Coord: ((34, 197), (103, 197))
Coord: ((103, 197), (122, 197))
Coord: ((261, 197), (281, 197))
Coord: ((351, 197), (385, 197))
Coord: ((103, 152), (122, 152))
Coord: ((261, 152), (281, 152))
Coord: ((351, 152), (385, 152))
Coord: ((103, 107), (122, 107))
Coord: ((351, 107), (385, 107))
Coord: ((34, 276), (103, 276))
Coord: ((34, 186), (103, 186))
Coord: ((34, 141), (103, 141))
Coord: ((103, 95), (122, 95))
Coord: ((34, 242), (103, 242))
Coord: ((34, 152), (103, 152))
Coord: ((34, 107), (103, 107))
Coord: ((281, 107), (317, 107))
Coord: ((317, 107), (351, 107))
Coord: ((281, 95), (317, 95))
Coord: ((317, 95), (351, 95))
Coord: ((457, 326), (457, 386))
Coord: ((482, 338), (482, 386))
Coord: ((482, 378), (482, 398))
Coord: ((512, 326), (512, 398))
Coord: ((482, 378), (482, 386))
Coord: ((507, 326), (507, 386))
Coord: ((452, 326), (452, 398))
Coord: ((482, 378), (482, 398))
Coord: ((494, 276), (530, 276))
Coord: ((494, 376), (530, 376))
Coord: ((458, 316), (458, 316))
Coord: ((458, 316), (458, 316))
Coord: ((458, 316), (458, 316))
Coord: ((458, 316), (459, 316))
Coord: ((506, 316), (506, 316))
Coord: ((459, 316), (459, 316))
Coord: ((459, 316), (459, 316))
Coord: ((459, 316), (459, 316))
Coord: ((505, 316), (505, 316))
Coord: ((505, 316), (505, 316))
Coord: ((458, 316), (458, 316))
Coord: ((459, 316), (459, 316))
Coord: ((459, 316), (459, 316))
Coord: ((458, 316), (459, 316))
Coord: ((458, 316), (458, 316))
Coord: ((458, 316), (458, 316))
Coord: ((458, 316), (458, 316))
Coord: ((459, 317), (459, 317))
Coord: ((483, 305), (483, 305))
Coord: ((481, 305), (481, 305))
Coord: ((481, 305), (481, 305))
Coord: ((485, 293), (488, 293))
Coord: ((488, 293), (488, 293))
Coord: ((488, 293), (488, 293))
Coord: ((488, 293), (489, 293))
Coord: ((489, 293), (489, 293))
Coord: ((489, 293), (489, 293))
Coord: ((489, 293), (490, 293))
Coord: ((490, 293), (490, 296))
Coord: ((483, 297), (483, 302))
Coord: ((483, 296), (483, 302))
Coord: ((484, 295), (486, 295))
Coord: ((484, 294), (484, 294))
Coord: ((483, 293), (483, 294))
Coord: ((480, 293), (480, 294))
Coord: ((481, 297), (481, 302))
Coord: ((478, 294), (480, 294))
Coord: ((480, 294), (480, 294))
Coord: ((475, 293), (476, 293))
Coord: ((476, 293), (476, 293))
Coord: ((491, 304), (491, 304))
Coord: ((491, 304), (491, 304))
Coord: ((491, 298), (491, 299))
Coord: ((481, 305), (483, 305))
Coord: ((473, 290), (473, 290))
Coord: ((491, 295), (491, 297))
Coord: ((492, 363), (492, 363))
Coord: ((492, 363), (492, 364))
Coord: ((469, 370), (488, 370))
Coord: ((473, 364), (473, 367))
Coord: ((473, 363), (473, 364))
Coord: ((473, 290), (473, 290))
Coord: ((473, 288), (473, 289))
Coord: ((491, 285), (491, 295))
Coord: ((491, 297), (491, 297))
Coord: ((492, 364), (492, 367))
Coord: ((488, 370), (495, 370))
Coord: ((473, 285), (473, 288))
Coord: ((473, 290), (473, 290))
Coord: ((473, 289), (473, 290))
Coord: ((491, 297), (491, 297))
Coord: ((491, 297), (491, 297))
Coord: ((470, 376), (482, 376))
Coord: ((470, 282), (488, 282))
Coord: ((488, 282), (494, 282))
Coord: ((470, 276), (482, 276))
Coord: ((469, 375), (495, 375))
Coord: ((509, 302), (509, 302))
Coord: ((498, 285), (498, 285))
Coord: ((482, 284), (482, 284))
Coord: ((468, 285), (468, 285))
Coord: ((457, 294), (457, 294))
Coord: ((453, 342), (453, 342))
Coord: ((455, 350), (455, 350))
Coord: ((466, 367), (466, 367))
Coord: ((482, 368), (482, 368))
Coord: ((496, 367), (496, 367))
Coord: ((511, 342), (511, 342))
Coord: ((482, 310), (482, 323))
Coord: ((482, 307), (482, 308))
Coord: ((482, 292), (482, 305))
Coord: ((482, 288), (482, 290))
Coord: ((482, 274), (482, 286))
Coord: ((482, 329), (482, 342))
Coord: ((482, 344), (482, 345))
Coord: ((482, 347), (482, 360))
Coord: ((482, 362), (482, 364))
Coord: ((482, 366), (482, 378))
Coord: ((466, 326), (479, 326))
Coord: ((462, 326), (464, 326))
Coord: ((450, 326), (460, 326))
Coord: ((484, 326), (497, 326))
Coord: ((499, 326), (501, 326))
Coord: ((503, 326), (513, 326))
Coord: ((461, 385), (478, 385))
Coord: ((486, 396), (508, 396))
Coord: ((486, 385), (503, 385))
Coord: ((456, 396), (478, 396))
Coord: ((528, 280), (528, 372))
Coord: ((584, 266), (596, 266))
Coord: ((603, 266), (653, 266))
Coord: ((577, 385), (596, 385))
Coord: ((488, 375), (495, 375))
Coord: ((488, 375), (488, 375))
Coord: ((469, 371), (469, 371))
Coord: ((495, 372), (495, 372))
Coord: ((469, 373), (469, 373))
Coord: ((495, 374), (495, 374))
Coord: ((606, 375), (613, 375))
Coord: ((605, 375), (606, 375))
Coord: ((586, 371), (586, 371))
Coord: ((613, 372), (613, 372))
Coord: ((586, 373), (586, 373))
Coord: ((613, 374), (613, 374))
Coord: ((469, 279), (469, 279))
Coord: ((495, 280), (495, 280))
Coord: ((469, 281), (469, 281))
Coord: ((588, 276), (600, 276))
Coord: ((586, 279), (586, 279))
Coord: ((613, 280), (613, 280))
Coord: ((586, 281), (586, 281))
Coord: ((481, 305), (481, 305))
Coord: ((482, 306), (482, 306))
Coord: ((482, 306), (482, 306))
Coord: ((483, 305), (483, 305))
Coord: ((483, 340), (483, 340))
Coord: ((483, 339), (483, 340))
Coord: ((483, 339), (483, 339))
Coord: ((480, 341), (481, 341))
Coord: ((485, 340), (486, 340))
Coord: ((485, 340), (485, 340))
Coord: ((485, 340), (486, 340))
Coord: ((485, 340), (486, 340))
Coord: ((485, 339), (485, 340))
Coord: ((485, 339), (485, 339))
Coord: ((485, 339), (485, 339))
Coord: ((485, 339), (486, 339))
Coord: ((489, 331), (489, 331))
Coord: ((489, 329), (490, 329))
Coord: ((490, 332), (490, 332))
Coord: ((489, 330), (489, 330))
Coord: ((488, 332), (489, 332))
Coord: ((488, 330), (488, 330))
Coord: ((487, 332), (488, 332))
Coord: ((488, 329), (488, 329))
Coord: ((479, 340), (479, 340))
Coord: ((479, 340), (479, 340))
Coord: ((479, 339), (479, 340))
Coord: ((478, 340), (478, 340))
Coord: ((478, 340), (478, 340))
Coord: ((478, 339), (478, 340))
Coord: ((484, 344), (484, 345))
Coord: ((477, 339), (477, 339))
Coord: ((475, 340), (477, 340))
Coord: ((475, 339), (475, 340))
Coord: ((475, 339), (476, 339))
Coord: ((476, 339), (476, 340))
Coord: ((476, 340), (476, 340))
Coord: ((481, 339), (482, 339))
Coord: ((482, 339), (482, 340))
Coord: ((481, 340), (482, 340))
Coord: ((481, 340), (481, 340))
Coord: ((480, 340), (480, 340))
Coord: ((480, 339), (480, 340))
Coord: ((480, 339), (480, 339))
Coord: ((480, 339), (480, 340))
Coord: ((482, 339), (482, 340))
Coord: ((482, 340), (483, 340))
Coord: ((482, 339), (483, 339))
Coord: ((475, 339), (475, 340))
Coord: ((474, 340), (475, 340))
Coord: ((474, 339), (474, 340))
Coord: ((484, 341), (484, 341))
Coord: ((496, 326), (499, 326))
Coord: ((496, 326), (496, 327))
Coord: ((499, 326), (499, 328))
Coord: ((493, 326), (493, 327))
Coord: ((495, 326), (495, 327))
Coord: ((493, 326), (495, 326))
Coord: ((489, 326), (492, 326))
Coord: ((492, 326), (492, 327))
Coord: ((484, 335), (485, 335))
Coord: ((483, 333), (483, 334))
Coord: ((486, 333), (486, 334))
Coord: ((486, 333), (486, 334))
Coord: ((483, 330), (483, 331))
Coord: ((486, 330), (486, 331))
Coord: ((486, 330), (486, 331))
Coord: ((484, 332), (485, 332))
Coord: ((484, 332), (485, 332))
Coord: ((484, 330), (485, 330))
Coord: ((479, 335), (480, 335))
Coord: ((478, 333), (478, 334))
Coord: ((481, 333), (481, 334))
Coord: ((481, 333), (481, 334))
Coord: ((478, 330), (478, 331))
Coord: ((481, 330), (481, 331))
Coord: ((481, 330), (481, 331))
Coord: ((479, 332), (480, 332))
Coord: ((479, 332), (480, 332))
Coord: ((479, 330), (480, 330))
Coord: ((474, 323), (474, 326))
Coord: ((474, 326), (474, 326))
Coord: ((474, 323), (474, 326))
Coord: ((474, 323), (474, 323))
Coord: ((464, 323), (464, 326))
Coord: ((464, 326), (464, 326))
Coord: ((464, 323), (464, 326))
Coord: ((464, 323), (464, 323))
Coord: ((465, 323), (465, 326))
Coord: ((465, 326), (465, 326))
Coord: ((465, 323), (465, 326))
Coord: ((465, 323), (465, 323))
Coord: ((466, 323), (466, 326))
Coord: ((466, 326), (466, 326))
Coord: ((466, 323), (466, 326))
Coord: ((466, 323), (466, 323))
Coord: ((469, 323), (469, 326))
Coord: ((469, 326), (470, 326))
Coord: ((470, 323), (470, 326))
Coord: ((469, 323), (470, 323))
Coord: ((470, 323), (470, 326))
Coord: ((470, 326), (471, 326))
Coord: ((471, 323), (471, 326))
Coord: ((470, 323), (471, 323))
Coord: ((493, 323), (493, 323))
Coord: ((493, 323), (493, 323))
Coord: ((491, 323), (493, 323))
Coord: ((491, 323), (491, 325))
Coord: ((491, 325), (491, 325))
Coord: ((491, 325), (491, 325))
Coord: ((497, 323), (497, 323))
Coord: ((494, 323), (497, 323))
Coord: ((494, 323), (494, 325))
Coord: ((494, 325), (495, 325))
Coord: ((495, 325), (495, 325))
Coord: ((496, 323), (497, 323))
Coord: ((483, 325), (483, 326))
Coord: ((483, 325), (484, 325))
Coord: ((484, 325), (484, 325))
Coord: ((483, 325), (484, 325))
Coord: ((483, 325), (483, 327))
Coord: ((483, 327), (484, 327))
Coord: ((484, 326), (484, 327))
Coord: ((483, 326), (484, 326))
Coord: ((483, 326), (483, 326))
Coord: ((483, 326), (484, 326))
Coord: ((484, 326), (484, 326))
Coord: ((483, 326), (484, 326))
Coord: ((484, 323), (484, 323))
Coord: ((484, 324), (485, 324))
Coord: ((485, 324), (485, 324))
Coord: ((485, 323), (485, 323))
Coord: ((484, 323), (484, 323))
Coord: ((478, 325), (478, 325))
Coord: ((478, 325), (478, 325))
Coord: ((478, 325), (478, 327))
Coord: ((480, 325), (480, 325))
Coord: ((481, 327), (481, 327))
Coord: ((481, 325), (481, 325))
Coord: ((482, 327), (482, 327))
Coord: ((482, 325), (482, 325))
Coord: ((482, 327), (483, 327))
Coord: ((482, 325), (482, 325))
Coord: ((482, 326), (482, 326))
Coord: ((481, 325), (482, 325))
Coord: ((485, 326), (485, 326))
Coord: ((485, 325), (485, 325))
Coord: ((484, 326), (485, 326))
Coord: ((484, 325), (484, 326))
Coord: ((484, 325), (484, 325))
Coord: ((484, 325), (484, 326))
Coord: ((491, 323), (491, 324))
Coord: ((491, 323), (493, 323))
Coord: ((491, 323), (491, 323))
Coord: ((495, 324), (495, 324))
Coord: ((495, 324), (496, 324))
Coord: ((495, 323), (496, 323))
Coord: ((495, 324), (496, 324))
Coord: ((495, 323), (495, 324))
Coord: ((484, 323), (484, 323))
Coord: ((478, 326), (478, 326))
Coord: ((480, 325), (480, 325))
Coord: ((484, 326), (484, 326))
Coord: ((484, 326), (485, 326))
Coord: ((481, 305), (481, 305))
Coord: ((371, 147), (407, 147))
Coord: ((371, 247), (407, 247))
Coord: ((457, 135), (457, 191))
Coord: ((477, 135), (477, 144))
Coord: ((477, 135), (477, 144))
Coord: ((534, 135), (534, 176))
Coord: ((451, 220), (451, 258))
Coord: ((477, 251), (477, 258))
Coord: ((494, 218), (494, 222))
Coord: ((487, 219), (487, 222))
Coord: ((491, 187), (491, 188))
Coord: ((487, 187), (487, 217))
Coord: ((486, 217), (486, 219))
Coord: ((486, 216), (486, 217))
Coord: ((486, 215), (486, 216))
Coord: ((486, 213), (486, 215))
Coord: ((487, 217), (487, 219))
Coord: ((486, 175), (486, 177))
Coord: ((486, 175), (486, 175))
Coord: ((491, 187), (492, 187))
Coord: ((492, 183), (492, 186))
Coord: ((492, 181), (492, 181))
Coord: ((491, 187), (491, 187))
Coord: ((491, 187), (491, 187))
Coord: ((494, 173), (494, 176))
Coord: ((494, 186), (494, 188))
Coord: ((494, 183), (494, 186))
Coord: ((487, 187), (491, 187))
Coord: ((490, 173), (490, 174))
Coord: ((490, 174), (490, 175))
Coord: ((494, 188), (494, 188))
Coord: ((487, 176), (489, 176))
Coord: ((490, 175), (490, 175))
Coord: ((487, 186), (489, 186))
Coord: ((490, 175), (490, 175))
Coord: ((495, 175), (495, 176))
Coord: ((487, 176), (487, 176))
Coord: ((487, 177), (487, 187))
Coord: ((487, 175), (487, 177))
Coord: ((487, 187), (491, 187))
Coord: ((491, 187), (492, 187))
Coord: ((487, 172), (487, 175))
Coord: ((491, 187), (491, 187))
Coord: ((489, 222), (489, 222))
Coord: ((486, 222), (487, 222))
Coord: ((486, 173), (487, 173))
Coord: ((486, 175), (486, 175))
Coord: ((491, 173), (491, 173))
Coord: ((491, 173), (491, 173))
Coord: ((487, 172), (487, 172))
Coord: ((495, 188), (495, 188))
Coord: ((491, 187), (491, 187))
Coord: ((487, 219), (487, 222))
Coord: ((487, 217), (487, 219))
Coord: ((487, 177), (487, 187))
Coord: ((487, 175), (487, 177))
Coord: ((487, 172), (487, 175))
Coord: ((487, 187), (487, 217))
Coord: ((487, 187), (491, 187))
Coord: ((487, 187), (487, 187))
Coord: ((487, 176), (487, 176))
Coord: ((487, 186), (489, 186))
Coord: ((490, 173), (490, 174))
Coord: ((490, 174), (490, 175))
Coord: ((490, 175), (490, 175))
Coord: ((490, 175), (490, 175))
Coord: ((487, 176), (489, 176))
Coord: ((494, 218), (494, 222))
Coord: ((495, 188), (495, 188))
Coord: ((491, 187), (491, 188))
Coord: ((495, 188), (495, 213))
Coord: ((495, 214), (495, 217))
Coord: ((495, 217), (495, 217))
Coord: ((491, 187), (492, 187))
Coord: ((495, 217), (495, 219))
Coord: ((491, 187), (491, 187))
Coord: ((495, 219), (495, 220))
Coord: ((487, 217), (487, 219))
Coord: ((495, 176), (495, 176))
Coord: ((495, 176), (495, 176))
Coord: ((495, 188), (495, 188))
Coord: ((494, 186), (494, 188))
Coord: ((494, 188), (494, 188))
Coord: ((494, 183), (494, 186))
Coord: ((495, 187), (495, 188))
Coord: ((494, 181), (494, 182))
Coord: ((494, 181), (494, 181))
Coord: ((494, 173), (494, 176))
Coord: ((491, 187), (492, 187))
Coord: ((492, 183), (492, 186))
Coord: ((492, 181), (492, 181))
Coord: ((486, 215), (486, 216))
Coord: ((486, 179), (486, 182))
Coord: ((486, 213), (486, 215))
Coord: ((492, 187), (492, 187))
Coord: ((486, 217), (486, 219))
Coord: ((486, 216), (486, 217))
Coord: ((486, 175), (486, 177))
Coord: ((486, 177), (486, 179))
Coord: ((486, 175), (486, 175))
Coord: ((495, 176), (495, 187))
Coord: ((491, 174), (491, 175))
Coord: ((495, 188), (495, 188))
Coord: ((491, 187), (491, 187))
Coord: ((487, 187), (491, 187))
Coord: ((487, 172), (487, 172))
Coord: ((486, 173), (487, 173))
Coord: ((486, 175), (486, 175))
Coord: ((491, 173), (491, 173))
Coord: ((489, 222), (489, 222))
Coord: ((486, 222), (487, 222))
Coord: ((492, 187), (492, 187))
Coord: ((495, 220), (495, 221))
Coord: ((491, 214), (494, 214))
Coord: ((491, 218), (494, 218))
Coord: ((494, 181), (494, 181))
Coord: ((494, 180), (494, 180))
Coord: ((494, 176), (494, 181))
Coord: ((494, 176), (494, 180))
Coord: ((491, 181), (494, 181))
Coord: ((491, 176), (494, 176))
Coord: ((529, 199), (529, 199))
Coord: ((529, 201), (529, 201))
Coord: ((514, 165), (514, 165))
Coord: ((514, 165), (514, 165))
Coord: ((522, 164), (522, 164))
Coord: ((521, 164), (522, 164))
Coord: ((523, 164), (523, 165))
Coord: ((523, 165), (523, 165))
Coord: ((523, 174), (523, 174))
Coord: ((523, 165), (523, 166))
Coord: ((523, 165), (523, 165))
Coord: ((516, 172), (516, 175))
Coord: ((516, 175), (516, 175))
Coord: ((514, 165), (514, 165))
Coord: ((514, 165), (514, 165))
Coord: ((514, 164), (520, 164))
Coord: ((524, 174), (524, 174))
Coord: ((524, 164), (524, 174))
Coord: ((495, 179), (495, 181))
Coord: ((495, 181), (495, 182))
Coord: ((495, 178), (495, 179))
Coord: ((495, 213), (495, 215))
Coord: ((529, 175), (529, 187))
Coord: ((529, 187), (529, 220))
Coord: ((508, 190), (508, 190))
Coord: ((495, 173), (496, 173))
Coord: ((497, 173), (498, 173))
Coord: ((495, 173), (496, 173))
Coord: ((508, 202), (508, 214))
Coord: ((510, 202), (510, 214))
Coord: ((495, 186), (495, 212))
Coord: ((495, 216), (495, 222))
Coord: ((495, 215), (495, 216))
Coord: ((495, 212), (495, 213))
Coord: ((495, 182), (495, 186))
Coord: ((495, 173), (495, 178))
Coord: ((514, 165), (514, 165))
Coord: ((514, 165), (514, 165))
Coord: ((527, 220), (528, 220))
Coord: ((527, 175), (528, 175))
Coord: ((529, 187), (529, 220))
Coord: ((529, 175), (529, 187))
Coord: ((528, 187), (528, 220))
Coord: ((528, 175), (528, 187))
Coord: ((528, 220), (528, 220))
Coord: ((528, 174), (528, 174))
Coord: ((528, 220), (528, 220))
Coord: ((528, 175), (528, 175))
Coord: ((529, 220), (529, 220))
Coord: ((529, 174), (529, 174))
Coord: ((529, 220), (529, 220))
Coord: ((529, 175), (529, 175))
Coord: ((528, 220), (528, 220))
Coord: ((528, 174), (528, 175))
Coord: ((529, 177), (529, 177))
Coord: ((534, 211), (534, 211))
Coord: ((534, 210), (534, 210))
Coord: ((534, 176), (534, 176))
Coord: ((534, 176), (534, 176))
Coord: ((534, 176), (534, 218))
Coord: ((534, 211), (534, 211))
Coord: ((534, 211), (534, 211))
Coord: ((534, 211), (534, 211))
Coord: ((534, 211), (534, 211))
Coord: ((534, 210), (534, 211))
Coord: ((534, 196), (534, 196))
Coord: ((534, 194), (534, 194))
Coord: ((534, 196), (534, 197))
Coord: ((534, 198), (534, 198))
Coord: ((534, 195), (534, 196))
Coord: ((534, 194), (534, 195))
Coord: ((534, 196), (534, 196))
Coord: ((534, 189), (534, 189))
Coord: ((534, 189), (534, 189))
Coord: ((534, 218), (534, 218))
Coord: ((534, 176), (534, 176))
Coord: ((534, 176), (534, 218))
Coord: ((534, 176), (534, 176))
Coord: ((534, 218), (534, 218))
Coord: ((486, 219), (486, 222))
Coord: ((486, 173), (486, 174))
Coord: ((477, 221), (477, 221))
Coord: ((476, 221), (477, 221))
Coord: ((477, 217), (482, 217))
Coord: ((476, 185), (482, 185))
Coord: ((478, 205), (482, 205))
Coord: ((477, 177), (482, 177))
Coord: ((476, 174), (477, 174))
Coord: ((476, 217), (476, 219))
Coord: ((483, 212), (483, 215))
Coord: ((483, 180), (483, 183))
Coord: ((476, 175), (476, 175))
Coord: ((479, 169), (479, 169))
Coord: ((482, 170), (482, 170))
Coord: ((482, 236), (482, 236))
Coord: ((476, 182), (476, 183))
Coord: ((476, 183), (476, 185))
Coord: ((476, 210), (476, 211))
Coord: ((476, 211), (476, 213))
Coord: ((476, 220), (476, 221))
Coord: ((481, 213), (481, 213))
Coord: ((481, 212), (481, 212))
Coord: ((476, 212), (481, 212))
Coord: ((476, 183), (481, 183))
Coord: ((481, 183), (481, 183))
Coord: ((481, 182), (481, 182))
Coord: ((476, 175), (476, 175))
Coord: ((487, 241), (487, 241))
Coord: ((472, 236), (472, 238))
Coord: ((474, 221), (474, 222))
Coord: ((474, 211), (474, 211))
Coord: ((474, 210), (474, 211))
Coord: ((474, 182), (474, 210))
Coord: ((482, 156), (482, 159))
Coord: ((484, 159), (484, 160))
Coord: ((466, 241), (489, 241))
Coord: ((480, 236), (480, 238))
Coord: ((476, 234), (478, 234))
Coord: ((479, 201), (480, 201))
Coord: ((481, 199), (481, 199))
Coord: ((480, 194), (480, 199))
Coord: ((479, 193), (480, 193))
Coord: ((478, 199), (478, 199))
Coord: ((478, 199), (478, 199))
Coord: ((471, 154), (471, 154))
Coord: ((465, 241), (466, 241))
Coord: ((474, 236), (474, 238))
Coord: ((481, 199), (481, 199))
Coord: ((479, 193), (480, 193))
Coord: ((469, 190), (469, 207))
Coord: ((467, 205), (467, 205))
Coord: ((467, 203), (467, 205))
Coord: ((476, 161), (478, 161))
Coord: ((479, 156), (479, 159))
Coord: ((474, 156), (474, 159))
Coord: ((469, 207), (469, 208))
Coord: ((467, 205), (467, 205))
Coord: ((464, 153), (464, 153))
Coord: ((485, 241), (485, 241))
Coord: ((486, 222), (486, 222))
Coord: ((486, 173), (486, 173))
Coord: ((486, 222), (486, 222))
Coord: ((464, 241), (483, 241))
Coord: ((483, 241), (489, 241))
Coord: ((465, 247), (477, 247))
Coord: ((463, 246), (490, 246))
Coord: ((485, 153), (485, 153))
Coord: ((483, 153), (489, 153))
Coord: ((493, 239), (493, 239))
Coord: ((493, 239), (493, 239))
Coord: ((498, 236), (498, 236))
Coord: ((499, 222), (499, 222))
Coord: ((499, 223), (499, 224))
Coord: ((499, 221), (499, 221))
Coord: ((499, 219), (499, 220))
Coord: ((499, 221), (499, 222))
Coord: ((499, 222), (499, 222))
Coord: ((499, 222), (499, 222))
Coord: ((499, 222), (499, 222))
Coord: ((499, 219), (499, 219))
Coord: ((499, 219), (499, 219))
Coord: ((499, 199), (499, 201))
Coord: ((499, 217), (499, 219))
Coord: ((499, 202), (499, 204))
Coord: ((499, 206), (499, 208))
Coord: ((499, 210), (499, 212))
Coord: ((499, 213), (499, 215))
Coord: ((499, 197), (499, 198))
Coord: ((499, 198), (499, 198))
Coord: ((499, 197), (499, 197))
Coord: ((499, 196), (499, 196))
Coord: ((499, 194), (499, 196))
Coord: ((499, 176), (499, 177))
Coord: ((499, 190), (499, 192))
Coord: ((499, 187), (499, 188))
Coord: ((499, 183), (499, 185))
Coord: ((499, 179), (499, 181))
Coord: ((499, 173), (499, 174))
Coord: ((499, 174), (499, 175))
Coord: ((499, 176), (499, 176))
Coord: ((499, 175), (499, 175))
Coord: ((499, 173), (499, 173))
Coord: ((499, 173), (499, 173))
Coord: ((499, 173), (499, 173))
Coord: ((499, 172), (499, 172))
Coord: ((499, 172), (499, 172))
Coord: ((499, 172), (499, 172))
Coord: ((499, 171), (499, 172))
Coord: ((499, 171), (499, 171))
Coord: ((499, 170), (499, 170))
Coord: ((499, 168), (499, 168))
Coord: ((498, 158), (498, 158))
Coord: ((493, 155), (493, 155))
Coord: ((494, 155), (495, 155))
Coord: ((493, 155), (493, 155))
Coord: ((461, 155), (461, 155))
Coord: ((458, 155), (459, 155))
Coord: ((460, 155), (461, 155))
Coord: ((451, 169), (451, 169))
Coord: ((451, 173), (451, 173))
Coord: ((451, 173), (451, 173))
Coord: ((451, 173), (451, 173))
Coord: ((451, 173), (451, 173))
Coord: ((451, 172), (451, 173))
Coord: ((451, 172), (451, 172))
Coord: ((451, 172), (451, 172))
Coord: ((451, 172), (451, 172))
Coord: ((451, 173), (451, 173))
Coord: ((451, 173), (451, 173))
Coord: ((451, 173), (451, 174))
Coord: ((451, 174), (451, 175))
Coord: ((451, 178), (451, 179))
Coord: ((451, 175), (451, 176))
Coord: ((451, 195), (451, 197))
Coord: ((451, 179), (451, 182))
Coord: ((451, 191), (451, 193))
Coord: ((451, 187), (451, 189))
Coord: ((451, 184), (451, 185))
Coord: ((451, 197), (451, 200))
Coord: ((451, 213), (451, 215))
Coord: ((451, 202), (451, 204))
Coord: ((451, 205), (451, 207))
Coord: ((451, 209), (451, 211))
Coord: ((451, 215), (451, 217))
Coord: ((451, 219), (451, 220))
Coord: ((451, 221), (451, 222))
Coord: ((451, 220), (451, 220))
Coord: ((451, 222), (451, 222))
Coord: ((451, 222), (451, 222))
Coord: ((451, 222), (451, 222))
Coord: ((451, 222), (451, 222))
Coord: ((451, 222), (451, 222))
Coord: ((451, 222), (451, 222))
Coord: ((451, 222), (451, 222))
Coord: ((451, 222), (451, 222))
Coord: ((458, 239), (459, 239))
Coord: ((460, 239), (461, 239))
Coord: ((458, 239), (458, 239))
Coord: ((461, 239), (461, 239))
Coord: ((495, 188), (495, 188))
Coord: ((495, 176), (495, 176))
Coord: ((477, 197), (477, 199))
Coord: ((477, 200), (477, 213))
Coord: ((477, 215), (477, 217))
Coord: ((477, 219), (477, 232))
Coord: ((477, 234), (477, 236))
Coord: ((477, 237), (477, 251))
Coord: ((477, 182), (477, 195))
Coord: ((477, 178), (477, 180))
Coord: ((477, 164), (477, 176))
Coord: ((477, 160), (477, 162))
Coord: ((477, 144), (477, 158))
Coord: ((338, 256), (355, 256))
Coord: ((362, 267), (385, 267))
Coord: ((362, 256), (380, 256))
Coord: ((333, 267), (355, 267))
Coord: ((405, 151), (405, 244))
Coord: ((460, 137), (473, 137))
Coord: ((480, 137), (530, 137))
Coord: ((454, 256), (473, 256))
Coord: ((365, 246), (372, 246))
Coord: ((365, 246), (365, 246))
Coord: ((346, 242), (346, 242))
Coord: ((372, 243), (372, 243))
Coord: ((346, 244), (346, 244))
Coord: ((372, 245), (372, 245))
Coord: ((482, 246), (490, 246))
Coord: ((482, 246), (482, 246))
Coord: ((463, 242), (463, 242))
Coord: ((490, 243), (490, 243))
Coord: ((463, 244), (463, 244))
Coord: ((490, 245), (490, 245))
Coord: ((346, 150), (346, 150))
Coord: ((372, 151), (372, 151))
Coord: ((346, 152), (346, 152))
Coord: ((465, 147), (477, 147))
Coord: ((463, 150), (463, 150))
Coord: ((490, 151), (490, 151))
Coord: ((463, 152), (463, 152))
Coord: ((358, 176), (358, 176))
Coord: ((359, 177), (359, 177))
Coord: ((359, 177), (359, 177))
Coord: ((360, 176), (360, 176))
Coord: ((360, 211), (360, 211))
Coord: ((360, 210), (360, 211))
Coord: ((360, 210), (360, 210))
Coord: ((357, 212), (358, 212))
Coord: ((362, 211), (363, 211))
Coord: ((362, 211), (362, 211))
Coord: ((362, 211), (363, 211))
Coord: ((362, 211), (363, 211))
Coord: ((362, 210), (362, 211))
Coord: ((362, 210), (362, 210))
Coord: ((362, 210), (362, 211))
Coord: ((362, 211), (363, 211))
Coord: ((366, 202), (366, 202))
Coord: ((366, 200), (367, 200))
Coord: ((367, 203), (367, 203))
Coord: ((366, 201), (366, 201))
Coord: ((365, 203), (366, 203))
Coord: ((365, 201), (365, 201))
Coord: ((364, 203), (365, 203))
Coord: ((365, 200), (365, 200))
Coord: ((356, 211), (356, 211))
Coord: ((356, 211), (356, 211))
Coord: ((356, 211), (356, 211))
Coord: ((355, 211), (355, 211))
Coord: ((355, 211), (355, 211))
Coord: ((355, 211), (355, 211))
Coord: ((361, 215), (361, 217))
Coord: ((354, 210), (354, 210))
Coord: ((352, 211), (354, 211))
Coord: ((352, 210), (352, 211))
Coord: ((352, 210), (353, 210))
Coord: ((353, 210), (353, 211))
Coord: ((353, 211), (353, 211))
Coord: ((358, 210), (359, 210))
Coord: ((359, 210), (359, 211))
Coord: ((358, 211), (359, 211))
Coord: ((358, 211), (358, 211))
Coord: ((357, 211), (357, 211))
Coord: ((357, 210), (357, 211))
Coord: ((357, 210), (357, 210))
Coord: ((357, 210), (357, 211))
Coord: ((359, 210), (359, 211))
Coord: ((359, 211), (360, 211))
Coord: ((359, 210), (360, 210))
Coord: ((352, 210), (352, 211))
Coord: ((351, 211), (352, 211))
Coord: ((351, 210), (351, 211))
Coord: ((361, 212), (361, 212))
Coord: ((373, 197), (375, 197))
Coord: ((373, 197), (373, 199))
Coord: ((375, 197), (375, 199))
Coord: ((369, 197), (369, 198))
Coord: ((372, 197), (372, 199))
Coord: ((369, 197), (372, 197))
Coord: ((366, 197), (369, 197))
Coord: ((369, 197), (369, 198))
Coord: ((361, 206), (362, 206))
Coord: ((360, 204), (360, 205))
Coord: ((363, 204), (363, 205))
Coord: ((363, 204), (363, 205))
Coord: ((360, 201), (360, 203))
Coord: ((363, 201), (363, 203))
Coord: ((363, 201), (363, 203))
Coord: ((361, 204), (362, 204))
Coord: ((361, 203), (362, 203))
Coord: ((361, 201), (362, 201))
Coord: ((356, 206), (357, 206))
Coord: ((355, 204), (355, 205))
Coord: ((358, 204), (358, 205))
Coord: ((358, 204), (358, 205))
Coord: ((355, 201), (355, 203))
Coord: ((358, 201), (358, 203))
Coord: ((358, 201), (358, 203))
Coord: ((356, 204), (357, 204))
Coord: ((356, 203), (357, 203))
Coord: ((356, 201), (357, 201))
Coord: ((351, 195), (351, 197))
Coord: ((351, 197), (351, 197))
Coord: ((351, 195), (351, 197))
Coord: ((351, 195), (351, 195))
Coord: ((341, 195), (341, 197))
Coord: ((341, 197), (341, 197))
Coord: ((341, 195), (341, 197))
Coord: ((341, 195), (341, 195))
Coord: ((342, 195), (342, 197))
Coord: ((342, 197), (342, 197))
Coord: ((342, 195), (342, 197))
Coord: ((342, 195), (342, 195))
Coord: ((343, 195), (343, 197))
Coord: ((343, 197), (343, 197))
Coord: ((343, 195), (343, 197))
Coord: ((343, 195), (343, 195))
Coord: ((346, 195), (346, 197))
Coord: ((346, 197), (347, 197))
Coord: ((347, 195), (347, 197))
Coord: ((346, 195), (347, 195))
Coord: ((347, 195), (347, 197))
Coord: ((347, 197), (348, 197))
Coord: ((348, 195), (348, 197))
Coord: ((347, 195), (348, 195))
Coord: ((370, 194), (370, 194))
Coord: ((370, 194), (370, 194))
Coord: ((368, 194), (370, 194))
Coord: ((368, 194), (368, 196))
Coord: ((368, 196), (368, 196))
Coord: ((368, 196), (368, 196))
Coord: ((374, 194), (374, 194))
Coord: ((371, 194), (374, 194))
Coord: ((371, 194), (371, 196))
Coord: ((371, 196), (372, 196))
Coord: ((372, 196), (372, 196))
Coord: ((373, 194), (374, 194))
Coord: ((360, 196), (360, 197))
Coord: ((360, 196), (361, 196))
Coord: ((361, 196), (361, 196))
Coord: ((360, 196), (361, 196))
Coord: ((360, 196), (360, 198))
Coord: ((360, 198), (361, 198))
Coord: ((361, 197), (361, 198))
Coord: ((360, 197), (361, 197))
Coord: ((360, 197), (360, 197))
Coord: ((360, 197), (361, 197))
Coord: ((361, 197), (361, 197))
Coord: ((360, 197), (361, 197))
Coord: ((361, 194), (361, 194))
Coord: ((361, 196), (361, 196))
Coord: ((362, 196), (362, 196))
Coord: ((362, 195), (362, 195))
Coord: ((361, 195), (361, 195))
Coord: ((355, 196), (355, 197))
Coord: ((355, 196), (355, 196))
Coord: ((355, 196), (355, 198))
Coord: ((357, 196), (357, 196))
Coord: ((358, 198), (358, 198))
Coord: ((358, 197), (358, 197))
Coord: ((359, 198), (359, 198))
Coord: ((359, 197), (359, 197))
Coord: ((359, 198), (360, 198))
Coord: ((359, 196), (359, 196))
Coord: ((359, 197), (359, 197))
Coord: ((358, 196), (359, 196))
Coord: ((362, 197), (362, 197))
Coord: ((362, 196), (362, 196))
Coord: ((361, 197), (362, 197))
Coord: ((361, 196), (361, 197))
Coord: ((361, 196), (361, 196))
Coord: ((361, 196), (361, 198))
Coord: ((368, 195), (368, 196))
Coord: ((368, 194), (370, 194))
Coord: ((368, 194), (368, 194))
Coord: ((372, 195), (372, 196))
Coord: ((372, 195), (373, 195))
Coord: ((372, 194), (373, 194))
Coord: ((372, 195), (373, 195))
Coord: ((372, 194), (372, 195))
Coord: ((361, 195), (361, 195))
Coord: ((355, 197), (355, 197))
Coord: ((357, 196), (357, 196))
Coord: ((361, 197), (361, 197))
Coord: ((361, 197), (362, 197))
Coord: ((358, 176), (358, 176))
